62
91
36
46
73
60
83
97
46
81
81
57
76
12
83
6
64
26
15
63
56
6
83
45
30
71
21
44
94
36
32
64
55
97
63
83
43
86
56
33
12
55
10
28
35
16
100
86
68
76
88
87
94
72
86
51
83
31
89
78
61
65
46
60
39
57
80
91
58
69
28
5
44
85
30
14
89
89
70
8
48
69
76
34
57
16
99
24
17
24
6
77
99
51
95
93
80
90
66
41
54
51
93
68
45
32
73
25
18
18
46
83
31
85
78
77
27
72
100
91
97
52
26
73
36
73
93
99
91
81
87
33
38
23
56
38
10
75
2
48
29
94
6
38
75
83
57
70
59
85
13
70
2
80
47
36
51
54
52
100
48
30
65
1
86
72
54
93
14
97
98
14
52
83
59
84
2
62
39
49
87
98
9
29
95
80
71
97
80
66
73
53
10
88
4
59
66
56
31
32
87
60
75
97
17
4
5
60
13
83
6
68
22
30
25
43
35
34
9
2
99
1
65
65
2
21
4
8
50
99
73
60
13
29
82
47
7
97
79
57
69
32
80
43
14
2
31
64
8
57
58
45
73
17
75
83
61
43
45
93
62
44
21
59
19
65
48
10
72
18
90
12
4
74
67
46
67
6
70
73
99
85
54
38
27
56
99
64
24
84
73
87
19
69
41
52
12
80
76
10
100
34
99
33
99
46
53
65
91
66
78
59
96
18
68
81
26
99
65
95
44
26
65
50
72
29
65
81
36
90
74
8
31
52
67
25
23
15
11
91
20
31
82
25
21
81
94
68
47
38
72
98
84
47
60
58
61
48
2
17
31
3
29
95
77
99
77
62
36
40
95
100
70
82
13
27
90
33
66
94
55
94
1
66
77
49
82
21
64
86
37
59
7
95
35
53
74
25
88
17
53
33
51
83
31
43
14
42
77
21
27
21
7
37
14
25
25
78
75
94
61
98
13
75
78
67
19
3
1
25
35
22
97
58
51
45
98
34
24
26
34
62
97
34
57
28
51
81
86
29
48
35
66
86
89
86
95
65
55
39
99
16
25
47
29
91
51
30
18
32
59
61
58
58
34
87
94
30
42
40
57
1
26
8
9
19
72
92
80
78
46
37
49
22
24
37
8
75
99
66
7
72
75
47
74
40
89
71
33
63
9
51
49
53
58
51
40
86
68
56
31
92
64
70
32
92
17
18
32
52
79
99
41
72
23
20
21
53
54
27
68
16
78
3
4
30
41
49
30
59
53
92
42
77
83
66
37
15
89
96
14
99
65
6
100
23
31
54
93
95
81
93
16
46
33
49
38
96
87
17
61
46
70
92
43
100
76
31
47
74
50
42
43
56
82
94
85
97
84
43
40
39
89
6
14
18
78
49
53
15
47
26
38
68
87
87
12
77
65
51
25
5
66
45
12
60
15
26
9
84
81
53
54
45
89
81
70
99
85
97
21
58
61
75
16
16
33
49
99
95
20
88
64
2
2
100
71
91
90
40
87
6
42
73
22
72
90
24
22
17
54
43
18
59
75
39
57
38
49
92
10
6
56
50
30
53
92
49
2
67
59
17
78
71
86
76
25
80
47
47
29
16
20
21
54
7
84
70
78
1
91
63
98
24
91
41
60
74
60
92
55
50
15
48
43
86
30
14
55
80
20
92
85
92
32
20
89
11
15
80
24
9
94
74
80
89
100
72
41
62
30
91
97
39
15
67
85
24
12
72
92
66
77
59
29
59
18
60
16
40
5
60
97
19
26
64
80
100
32
68
96
5
36
56
16
34
5
35
66
98
68
47
19
17
12
37
86
73
84
52
25
4
79
93
38
90
65
18
43
79
50
81
76
17
37
46
40
3
53
100
65
74
35
43
24
60
42
13
24
37
62
1
89
40
17
59
51
94
4
44
62
77
35
85
38
20
80
35
70
64
49
82
6
91
9
5
16
84
40
82
97
51
22
36
50
27
30
57
52
93
80
25
97
88
33
9
3
1
21
78
30
33
75
38
88
80
46
2
57
72
30
58
56
50
15
99
27
6
100
19
36
30
17
19
42
54
38
5
12
66
48
8
54
65
28
8
22
63
33
92
59
98
21
69
26
14
56
38
37
99
81
6
13
62
36
17
75
97
96
50
90
17
51
49
66
55
41
85
57
20
6
96
46
67
91
22
86
82
52
12
50
41
10
4
38
43
70
87
45
16
21
55
77
64
8
36
52
58
61
57
36
30
52
89
18
57
59
87
83
96
4
86
24
67
42
72
99
81
80
30
